0.0 1.0
0.5 5.03125
1.0 16.0
1.5 45.34375
2.0 115.0
2.5 261.15625
3.0 538.0
3.5 1021.46875
4.0 1813.0
4.5 3043.28125
5.0 4876.0
5.5 7511.59375
6.0 11191.0
6.5 16199.40625
7.0 22870.0
7.5 31587.71875
8.0 42793.0
8.5 56985.53125
9.0 74728.0
9.5 96649.84375
10.0 123451.0
10.5 155905.65625
11.0 194866.0
11.5 241265.96875
12.0 296125.0
12.5 360551.78125
13.0 435748.0
13.5 523012.09375
14.0 623743.0
14.5 739443.90625
15.0 871726.0
15.5 1022312.21875
16.0 1193041.0
16.5 1385870.03125
17.0 1602880.0
17.5 1846278.34375
18.0 2118403.0
18.5 2421726.15625
19.0 2758858.0
19.5 3132550.46875
20.0 3545701.0
